$ 1 0.000005 10.20027730826997 50 5 50
155 352 112 400 112 0 0
155 352 272 432 272 0 0
w 272 144 352 144 0
w 352 304 272 304 0
w 272 304 272 192 0
w 272 144 272 192 0
w 448 176 448 208 0
w 448 208 352 208 0
w 352 208 352 272 0
w 448 272 448 368 0
w 448 368 336 368 0
w 336 368 336 112 0
w 336 112 352 112 0
w 448 336 464 336 0
a 656 144 736 144 8 15 -15 1000000 0.00012409561265026666 0 100000
a 656 368 736 368 8 15 -15 1000000 0.00002754599802309705 0 100000
r 560 352 656 352 0 1000
r 560 128 656 128 0 1000
c 656 80 736 80 0 0.000006 12.409685360639315
c 656 304 736 304 0 0.000006 2.754627348307728
w 656 80 656 128 0
w 736 80 736 144 0
w 656 304 656 352 0
w 736 304 736 368 0
g 656 160 656 192 0
g 656 384 656 416 0
w 736 368 768 368 0
w 736 144 768 144 0
a 480 128 560 128 9 15 -15 1000000 2.5 0 100000
a 480 352 560 352 9 15 -15 1000000 2.5 5 100000
R 480 368 480 416 0 0 40 2.5 0 0 0.5
R 480 144 480 176 0 0 40 2.5 0 0 0.5
w 464 336 480 336 0
w 448 112 464 112 0
w 464 112 480 112 0
a -160 192 -96 192 8 15 -15 1000000 4.9999500008799815 4.999999999879999 100000
a -32 208 48 208 8 15 -15 1000000 -0.000020222620732864744 0 100000
c -32 160 48 160 0 0.000001 -2.022282295907207
w -32 192 -32 160 0
w 48 208 48 160 0
w 128 224 144 224 0
r -32 192 -96 192 0 1000
r -160 176 -208 176 0 1000
r -160 128 -96 128 0 1000
w -160 128 -160 176 0
w -96 128 -96 192 0
r -160 208 -208 208 0 1000
r -208 208 -256 208 0 1000
w -208 176 -256 176 0
w -256 176 -256 208 0
w -208 208 -208 224 0
t -192 240 -208 240 0 1 -20.00095225856427 -15.000952258684267 100
g -208 256 -208 272 0
g -32 224 -32 272 0
a 48 224 128 224 8 15 -15 1000000 2.0222620732864742 -7.500476129410135 100000
g 48 320 48 352 0
w 128 272 128 304 0
w 128 304 -96 304 0
r -96 304 -144 304 0 1000
w -144 304 -160 304 0
w -160 304 -160 240 0
w -160 240 -192 240 0
r 48 320 48 272 0 1000
r 48 272 128 272 0 1000
w 48 272 48 240 0
w 128 272 128 224 0
t 192 224 208 224 0 1 -20.00095225856427 -15.000952258684269 100
r 208 144 208 192 0 1000
g 208 240 208 272 0
w 208 192 208 208 0
R 208 144 208 112 0 0 40 5 0 0 0.5
w 208 192 272 192 0
r 144 224 176 224 0 1000
w 176 224 192 224 0
172 -256 208 -256 240 0 7 5 5 0 0 0.5 Voltage
r 768 144 800 144 0 1000
r 816 144 816 176 0 1000
d 816 176 816 208 2 default
r 816 208 864 208 0 1000
w 800 144 816 144 0
d 800 240 800 208 2 default
r 800 240 848 240 0 1000
w 800 208 800 176 0
w 800 176 816 176 0
d 864 176 864 208 2 default
r 864 176 864 144 0 1000
d 848 240 848 208 2 default
w 848 208 848 176 0
w 848 176 864 176 0
r 864 208 896 208 0 1000
r 816 208 736 208 0 1000
r 800 240 736 240 0 1000
w 736 240 736 208 0
r 848 240 880 240 0 1000
w 896 144 864 144 0
w 864 144 816 144 0
d 880 240 880 208 2 default
w 880 208 880 176 0
w 880 176 896 176 0
d 896 176 896 208 2 default
r 896 176 896 144 0 1000
r 880 240 912 240 0 1000
r 992 240 1024 240 0 1000
r 1008 176 1008 144 0 1000
d 1008 176 1008 208 2 default
w 992 176 1008 176 0
w 992 208 992 176 0
d 992 240 992 208 2 default
w 976 144 896 144 0
w 1008 144 976 144 0
r 912 240 992 240 0 1000
r 976 208 1008 208 0 1000
w 960 176 976 176 0
d 960 240 960 208 2 default
r 976 176 976 144 0 1000
d 976 176 976 208 2 default
r 896 208 976 208 0 1000
o 13 64 0 4099 5 0.00009765625 0 2 13 3
o 27 64 0 4099 20 0.00009765625 0 2 27 3
o 26 64 0 4099 20 0.00009765625 0 2 26 3
o 33 64 0 4099 5 0.00009765625 0 2 33 3
o 40 64 0 4099 20 0.0125 0 2 40 3
