$ 1 0.000005 10.20027730826997 50 5 50
155 624 240 672 240 0 5
155 624 400 704 400 0 0
w 544 272 624 272 0
w 624 432 544 432 0
w 544 432 544 352 0
w 544 272 544 352 0
w 720 304 720 336 0
w 720 336 624 336 0
w 624 336 624 400 0
w 720 400 720 496 0
w 720 496 608 496 0
w 608 496 608 240 0
w 608 240 624 240 0
w 720 464 736 464 0
a 928 272 1008 272 8 15 -15 1000000 15.000249984991823 0 100000
a 928 496 1008 496 8 15 -15 1000000 15.000249984984718 0 100000
r 832 480 928 480 0 1000
r 832 256 928 256 0 1000
c 928 208 1008 208 0 0.00001 30.001749994990323
c 928 432 1008 432 0 0.00001 30.001749994983214
w 928 208 928 256 0
w 1008 208 1008 272 0
w 928 432 928 480 0
w 1008 432 1008 496 0
g 928 288 928 320 0
g 928 512 928 544 0
w 1008 496 1040 496 0
w 1008 272 1040 272 0
a 752 256 832 256 9 15 -15 1000000 2.5 5 100000
a 752 480 832 480 9 15 -15 1000000 2.5 5 100000
R 752 496 752 544 0 0 40 2.5 0 0 0.5
R 752 272 752 304 0 0 40 2.5 0 0 0.5
w 736 464 752 464 0
w 720 240 736 240 0
w 736 240 752 240 0
a 112 320 176 320 8 15 -15 1000000 0.022214337709523732 0.022164781996277926 100000
a 240 336 320 336 8 15 -15 1000000 -0.00003953649557541636 0 100000
c 240 288 320 288 0 0.00001 -3.953689094037211
w 240 320 240 288 0
w 320 336 320 288 0
w 400 352 416 352 0
r 240 320 176 320 0 1000
r 112 304 64 304 0 1000
r 112 256 176 256 0 1000
w 112 256 112 304 0
w 176 256 176 320 0
r 112 336 64 336 0 1000
r 64 336 16 336 0 1000
w 64 304 16 304 0
w 16 304 16 336 0
w 64 336 64 352 0
t 80 368 64 368 0 1 0.6637949734276223 0.6859597554239004 100
g 64 384 64 400 0
g 240 352 240 400 0
a 320 352 400 352 8 15 -15 1000000 3.953649557541636 7.500177318888067 100000
g 320 448 320 480 0
w 400 400 400 432 0
w 400 432 176 432 0
r 176 432 128 432 0 1000
w 128 432 112 432 0
w 112 432 112 368 0
w 112 368 80 368 0
R 16 304 -32 304 0 0 40 5 0 0 0.5
r 320 448 320 400 0 1000
r 320 400 400 400 0 1000
w 320 400 320 368 0
w 400 400 400 352 0
o 13 64 0 4099 5 0.00009765625 0 2 13 3
o 27 64 0 4099 20 0.00009765625 0 2 27 3
o 26 64 0 4099 20 0.00009765625 0 2 26 3
o 33 64 0 4099 5 0.00009765625 0 2 33 3
