$ 1 0.000005 10.20027730826997 50 5 50
155 720 272 768 272 0 5
155 720 432 800 432 0 5
w 640 304 720 304 0
w 720 464 640 464 0
w 640 464 640 384 0
w 640 304 640 384 0
w 640 384 560 384 0
w 816 336 816 368 0
w 816 368 720 368 0
w 720 368 720 432 0
w 816 432 816 528 0
w 816 528 704 528 0
w 704 528 704 272 0
w 704 272 720 272 0
R 560 384 464 384 1 2 100 2.5 2.5 0 0.5
w 816 272 928 272 0
w 816 496 928 496 0
o 15 64 0 4099 5 0.00009765625 0 2 15 3
o 16 64 0 4099 5 0.00009765625 0 2 16 3
o 14 64 0 4099 5 0.00009765625 0 2 14 3
