$ 1 0.000005 10.20027730826997 50 5 50
155 352 112 400 112 0 0
155 352 272 432 272 0 5
w 272 144 352 144 0
w 352 304 272 304 0
w 272 304 272 192 0
w 272 144 272 192 0
w 448 176 448 208 0
w 448 208 352 208 0
w 352 208 352 272 0
w 448 272 448 368 0
w 448 368 336 368 0
w 336 368 336 112 0
w 336 112 352 112 0
w 448 336 464 336 0
a 656 144 736 144 8 15 -15 1000000 -0.0001041104192902868 0 100000
a 656 368 736 368 8 15 -15 1000000 0.00005057512822294825 0 100000
r 560 352 656 352 0 1000
r 560 128 656 128 0 1000
c 656 80 736 80 0 0.000006 -10.411146039447969
c 656 304 736 304 0 0.000006 5.057563397423048
w 656 80 656 128 0
w 736 80 736 144 0
w 656 304 656 352 0
w 736 304 736 368 0
g 656 160 656 192 0
g 656 384 656 416 0
w 736 368 768 368 0
w 736 144 768 144 0
a 480 128 560 128 9 15 -15 1000000 2.5 0 100000
a 480 352 560 352 9 15 -15 1000000 2.5 0 100000
R 480 368 480 416 0 0 40 2.5 0 0 0.5
R 480 144 480 176 0 0 40 2.5 0 0 0.5
w 464 336 480 336 0
w 448 112 464 112 0
w 464 112 480 112 0
a -160 192 -96 192 8 15 -15 1000000 0.022214171435927722 0.02216461571935644 100000
a -32 208 48 208 8 15 -15 1000000 0.00002130070692560311 0 100000
c -32 160 48 160 0 0.000001 2.1300919932672366
w -32 192 -32 160 0
w 48 208 48 160 0
w 128 224 144 224 0
r -32 192 -96 192 0 1000
r -160 176 -208 176 0 1000
r -160 128 -96 128 0 1000
w -160 128 -160 176 0
w -96 128 -96 192 0
r -160 208 -208 208 0 1000
r -208 208 -256 208 0 1000
w -208 176 -256 176 0
w -256 176 -256 208 0
w -208 208 -208 224 0
t -192 240 -208 240 0 1 0.663796074877732 0.685960690597087 100
g -208 256 -208 272 0
g -32 224 -32 272 0
a 48 224 128 224 8 15 -15 1000000 -2.1300706925603112 7.500481520110633 100000
g 48 320 48 352 0
w 128 272 128 304 0
w 128 304 -96 304 0
r -96 304 -144 304 0 1000
w -144 304 -160 304 0
w -160 304 -160 240 0
w -160 240 -192 240 0
r 48 320 48 272 0 1000
r 48 272 128 272 0 1000
w 48 272 48 240 0
w 128 272 128 224 0
t 192 224 208 224 0 1 0.663796074877732 0.685960690597087 100
r 208 144 208 192 0 1000
g 208 240 208 272 0
w 208 192 208 208 0
R 208 144 208 112 0 0 40 5 0 0 0.5
w 208 192 272 192 0
r 144 224 176 224 0 1000
w 176 224 192 224 0
172 -256 208 -256 240 0 7 5 5 0 0 0.5 Voltage
o 13 64 0 4099 5 0.00009765625 0 2 13 3
o 27 64 0 4099 20 0.00009765625 0 2 27 3
o 26 64 0 4099 20 0.00009765625 0 2 26 3
o 33 64 0 4099 5 0.00009765625 0 2 33 3
o 40 64 0 4099 20 0.0125 0 2 40 3
