$ 1 0.000005 10.20027730826997 50 5 50
155 432 272 480 272 0 5
155 432 432 512 432 0 0
w 352 304 432 304 0
w 432 464 352 464 0
w 352 464 352 384 0
w 352 304 352 384 0
w 352 384 272 384 0
w 528 336 528 368 0
w 528 368 432 368 0
w 432 368 432 432 0
w 528 432 528 528 0
w 528 528 416 528 0
w 416 528 416 272 0
w 416 272 432 272 0
R 272 384 176 384 1 2 100 2.5 2.5 0 0.5
w 528 496 544 496 0
a 736 304 816 304 8 15 -15 1000000 0.00008418931642792086 0 100000
a 736 528 816 528 8 15 -15 1000000 -0.00005851143988020932 0 100000
r 640 512 736 512 0 1000
r 640 288 736 288 0 1000
c 736 240 816 240 0 0.00001 8.419015832108514
c 736 464 816 464 0 0.00001 -5.851202499460812
w 736 240 736 288 0
w 816 240 816 304 0
w 736 464 736 512 0
w 816 464 816 528 0
g 736 320 736 352 0
g 736 544 736 576 0
w 816 528 848 528 0
w 816 304 848 304 0
a 560 288 640 288 9 15 -15 1000000 2.5 5 100000
a 560 512 640 512 9 15 -15 1000000 2.5 5 100000
R 560 528 560 576 0 0 40 2.5 0 0 0.5
R 560 304 560 336 0 0 40 2.5 0 0 0.5
w 544 496 560 496 0
w 528 272 544 272 0
w 544 272 560 272 0
o 15 64 0 4099 5 0.00009765625 0 2 15 3
o 14 64 0 4099 5 0.00009765625 0 2 14 3
o 29 64 0 4099 20 0.00009765625 0 2 29 3
o 28 64 0 4099 20 0.00009765625 0 2 28 3
o 35 64 0 4099 5 0.00009765625 0 2 35 3
